
yi = c(0.14602836550792, 0.752872500730159, -1.39268515559706, -2.32814497049853, 
       0.186840994283827, 0.312266836150053, 0.313046987948207, 0.77459420288196, 
       0.240625477153411, 0.476921940530046, 0.0556524289662447, 0.291537743600919, 
       0.535433135160925, 0.60819861811363, 0.669220348665677, 0.833066280439774, 
       0.058128825472102, 0.771139045860285)

vi = c(0.0509835181648153, 0.457473710673553, 4.5963042923031, 1.39927226595251, 
       0.167379557447199, 0.0293931902491088, 1.0534638746447, 0.338733318657255, 
       0.0497954349444499, 0.449987645339281, 0.176972159995738, 0.0360036594862057, 
       0.191754843748921, 0.100665158607813, 0.246325437142236, 0.286000844042831, 
       0.399963972184077, 0.156868121605071)

tcrit = c(2.00957523712924, 2.00957523712924, 2.00957523712924, 2.00957523712924, 
          2.00957523712924, 2.00957523712924, 2.00957523712924, 2.00957523712924, 
          2.00957523712924, 2.00957523712924, 2.00957523712924, 2.00957523712924, 
          2.00957523712924, 2.00957523712924, 2.00957523712924, 2.00957523712924, 
          2.00957523712924, 2.00957523712924)